11637517422274862853338597396444961841755517195186
13813736722492484783351359589446146169155725717116
21365113283247622439435873354154698446516571955762
36949315694715142671581615378169272648927138375913
74634171118574528222968563933317967414441817851555
13191281372421239248353134135946424514615753562571
13599124212461123532357113464346822457545793356865
31254216394236532741534764385164587549627569865173
12931385212314249632341535174345264618545637572965
23119445813422155692453316671356442778146755388925
22748628533385973964449618417555172952866628216297
24924847833513595894462461691557257271266836828227
32476224394358733541546984465265719557627682166873
47151426715826253782692726489271383759138249486124
85745282229685639333179674144428178525552928962666
24212392483532341359464245246157535625726864673682
24611235323572234643468224575457933568656814467976
42365327415347643852645875496275698651738671976284
23142496323425351743452646285456375729656748683176
34221556924533266713564427782467553889257866499136
33859739644496184175551719518666183163977739317318
35135958944614616915573571711668368381377947939338
43587335415469844651657195576376811668738793177984
58161537816937364893713837591381494861149351597135
96856393331796741444181785155539189636663139173777
35313413594643451461575356357168646736837975784793
35711346434683345754579335686568144679767915578187
53476438516458754963756986517386719761849781187395
34153517434536461854563757396567486831767859794187
45331667135644377814675538893578664991368977511147
44961841755517195186661821629777294174188841428419
46146169155725717116684682812779479492488158141449
54698446516571955762768116687487921779849814288195
69272648927148475914814948611492515971251461618246
17967414441817851555291896266641291747774141184888
46424514615754562571686467468279757847948186895814
46822457545794456865681446797679155781878126689198
64587549627569865174867197618497811872951892198416
45264618545647572965674868417678597941878961815298
56442778146755488925786649914689775111479188611258
55171951866618216297772931731888315285199951539521
57257171166836828127795793923881581513599169151551
65719557627681166873879217798598132881951915399116
71383759138159586115925159712513616182361572719357
18178515552918962666312917377751311858885251295999
57535625716865673682797578579381868958159197916915
57933568656815567976791557818781266891989137791219
75698651738671976185978118729518921983161913219517
56375729656758683176785979518789618152989171916319
67553889257866599136897751115791886112581199722369
66182162977729317318883142841999416396211162641631
68368281277947939238816814134991691614611271262661
76811668738792177984981328819619143991161126411217
81494861149261697126136161823614727193472683821468
29189626663129173777413118488862412969996362316111
68646736827976784793818689681491979169161218117126
68144679767916678187812668919891377912191248811311
86719761849781187296189219831619132194172114311628
67486831767869794187896181629891719163191182127411
78664991368977611147918861126811997223691211833471
